pi=3.14159265358979323846
e=2.7182818284590452354
senseoflife=42
meaningoflife=42